-0.146064,17.457351,2.069603,31.664403,20.113801,60.038076
0.193244,18.048495,2.247923,31.992595,20.122235,60.009416
0.325941,17.383813,1.773242,31.810890,19.769891,59.746677
-0.066719,17.863397,2.487517,31.559137,19.487590,59.972964
0.044576,18.109068,2.005861,31.478879,19.965566,59.885673
0.063344,17.992406,2.154042,31.909097,19.885543,59.852707
0.356397,18.245692,2.252943,31.545495,19.977573,59.888466
0.207649,17.689582,2.220737,31.819049,20.124854,60.069956
-0.015013,17.979079,1.964163,31.808176,20.215792,59.850841
-0.159811,17.879808,2.204066,31.852507,20.406567,59.591776
0.068250,18.155251,2.086553,31.426236,19.995439,60.466215
0.064199,17.908065,2.325758,31.832261,19.920813,60.411616
0.386645,17.997935,1.997888,31.793196,20.072404,59.888490
-0.072554,18.232597,2.105808,31.688246,19.526468,60.155285
-0.135180,17.811033,2.408411,32.023812,19.921869,59.948954
0.198505,18.071953,1.869604,31.741131,19.962646,60.069463
0.061246,17.791274,2.072757,31.987622,20.284348,60.367598
0.051460,17.621674,1.997147,31.917433,20.259458,60.054640
-0.030818,18.331659,2.403806,31.383563,20.118683,60.104529
-0.067708,17.863224,2.077910,31.612836,20.433712,59.834408
0.190009,17.825782,2.165375,31.851116,20.163500,59.791686
0.244834,17.611235,1.999274,31.604988,20.076854,59.960446
0.303958,17.866274,1.812420,31.592790,20.001970,60.051223
-0.012616,17.957573,2.287543,31.688211,20.075511,60.070709
0.032801,17.886582,2.461428,31.632962,20.132552,60.043589
0.176016,17.357161,1.990526,32.076689,20.241043,60.043524
0.298011,17.722804,2.258271,31.849180,20.398003,60.100899
-0.112619,17.608625,2.109845,31.675520,20.107240,60.206246
-0.040111,17.788730,2.351950,32.255694,20.150229,59.928705
-0.001755,18.094674,2.284962,32.083824,19.714901,60.024567
-0.012141,18.036190,1.907268,31.938317,19.712218,59.869455
0.215997,17.936729,1.755797,32.163671,19.842955,60.136811
-0.255277,17.885770,1.858020,31.269868,20.402356,59.826910
-0.124549,17.972769,2.431832,31.686407,20.134753,60.010061
0.190875,17.683171,1.935441,31.778438,20.141087,59.818786
0.122499,17.911453,2.158759,31.487361,19.987763,60.075843
